1.000000 0.259729 0.380069 -0.023208
2.000000 0.612332 0.998124 -0.061980
3.000000 0.660215 1.176558 -0.076123
4.000000 0.510206 0.771893 -0.052299
5.000000 0.280623 -0.052852 0.003713
6.000000 -0.024655 -0.891089 0.063899
7.000000 -0.316827 -1.331763 0.095606
8.000000 -0.351572 -1.213315 0.085524
9.000000 -0.010429 -0.656523 0.045281
10.000000 0.518593 0.094440 -0.006513
11.000000 0.891845 0.761466 -0.054494
12.000000 0.904052 1.048455 -0.080318
13.000000 0.634917 0.765296 -0.063177
14.000000 0.245159 0.030420 -0.002654
15.000000 -0.222978 -0.743411 0.066322
16.000000 -0.649387 -1.130502 0.099194
17.000000 -0.759510 -0.984687 0.082089
18.000000 -0.441532 -0.432329 0.033973
19.000000 0.085747 0.310275 -0.023575
20.000000 0.447366 0.991369 -0.075908
21.000000 0.426640 1.309210 -0.104195
22.000000 0.132148 1.050716 -0.086997
23.000000 -0.231959 0.321899 -0.027020
24.000000 -0.612473 -0.480907 0.039615
25.000000 -0.936714 -0.942470 0.074013
26.000000 -0.995543 -0.880101 0.064534
27.000000 -0.682832 -0.374346 0.025618
28.000000 -0.170457 0.358285 -0.023431
29.000000 0.222220 1.035416 -0.067029
30.000000 0.308465 1.341977 -0.088392
31.000000 0.171291 1.074062 -0.072469
32.000000 -0.030198 0.320486 -0.021917
33.000000 -0.267016 -0.557280 0.038048
34.000000 -0.505014 -1.136409 0.076308
35.000000 -0.557011 -1.178761 0.076775
36.000000 -0.270831 -0.727344 0.045818
37.000000 0.247031 -0.001987 0.000123
38.000000 0.697021 0.709197 -0.044654
39.000000 0.849321 1.093262 -0.072108
40.000000 0.726573 0.920494 -0.064479
